"mean" "se_mean" "sd" "2.5%" "25%" "50%" "75%" "97.5%" "n_eff" "Rhat"
"beta[1]" 0.267564664098085 0.0730817654748172 0.644425016491099 -1.00648889113174 -0.182192620062533 0.297186640871725 0.691260765512849 1.46950842194133 77.7547128906843 1.0154941917593
"beta[2]" 0.876500385745843 0.0655272103082565 0.43253002369296 0.193089864151939 0.549189114579361 0.808119595729603 1.16509211667166 1.80874072315217 43.5701605044451 1.02950637375892
"beta[3]" 4.02259942824884 1.22347992301949 8.97525189685396 -14.8212389148573 -1.82449074608163 3.97240489853342 9.80722063485345 21.7598520094761 53.8145357747944 1.00157614370333
"beta[4]" 9.84669579147606 1.30173677349637 6.24051370849882 -1.50378157675021 4.83059616163091 10.0203421794341 14.309879613517 21.5499538447507 22.9823447878196 1.0998372511121
"C[1,1]" 1 NA 0 1 1 1 1 1 NA NA
"C[1,2]" 0.287077846584778 0.0138883785778569 0.24037207417615 -0.202819479030895 0.12153657905575 0.305452022979308 0.470444623559769 0.703424832881971 299.546969024081 1.00138806031879
"C[1,3]" -0.00211569827913966 0.0161254586857575 0.297558857939657 -0.567753743737491 -0.211584567068486 -0.0108858205873169 0.20865053955515 0.577660316102237 340.503525235944 1.01340703315891
"C[1,4]" 0.00254395593175688 0.014030445819557 0.27349429672421 -0.51672091916386 -0.196789625960253 0.0103389063367298 0.190710872615687 0.515690424991981 379.97376007034 0.999479064847788
"C[2,1]" 0.287077846584778 0.0138883785778569 0.24037207417615 -0.202819479030895 0.12153657905575 0.305452022979308 0.470444623559769 0.703424832881971 299.546969024081 1.00138806031879
"C[2,2]" 1 2.59499071528276e-18 8.52481833890509e-17 1 1 1 1 1 1079.191831749 0.998999499499374
"C[2,3]" 0.00321636145118483 0.0202124975513341 0.305910886929976 -0.569328883172454 -0.223798126681094 -0.00410309476872405 0.239529355123209 0.582223231488935 229.06034249758 0.999970754137872
"C[2,4]" 0.00896997992472975 0.0144175149395188 0.287363257786102 -0.507355469792067 -0.200556738758862 0.00765171522918403 0.208692895976276 0.560281678987506 397.266237192644 1.00028872160329
"C[3,1]" -0.00211569827913966 0.0161254586857575 0.297558857939657 -0.567753743737491 -0.211584567068486 -0.0108858205873169 0.20865053955515 0.577660316102237 340.503525235944 1.01340703315891
"C[3,2]" 0.00321636145118483 0.0202124975513341 0.305910886929976 -0.569328883172454 -0.223798126681094 -0.00410309476872405 0.239529355123209 0.582223231488935 229.06034249758 0.999970754137872
"C[3,3]" 1 3.20211108812734e-18 8.29744887491262e-17 1 1 1 1 1 671.454179439214 0.998999499499374
"C[3,4]" -0.0092166079230145 0.0200221962785298 0.301904587677479 -0.582681861421987 -0.229034618247648 -0.0152217559161812 0.196816763549432 0.572798316874837 227.361013276426 1.002485566306
"C[4,1]" 0.00254395593175688 0.014030445819557 0.27349429672421 -0.51672091916386 -0.196789625960253 0.0103389063367298 0.190710872615687 0.515690424991981 379.97376007034 0.999479064847788
"C[4,2]" 0.00896997992472975 0.0144175149395188 0.287363257786102 -0.507355469792067 -0.200556738758862 0.00765171522918403 0.208692895976276 0.560281678987506 397.266237192644 1.00028872160329
"C[4,3]" -0.0092166079230145 0.0200221962785298 0.301904587677479 -0.582681861421987 -0.229034618247648 -0.0152217559161812 0.196816763549432 0.572798316874837 227.361013276426 1.002485566306
"C[4,4]" 1 2.97742217221995e-18 9.55527841099835e-17 1 1 1 1 1 1029.9256039455 0.998999499499374
"lp__" 113.908128892084 19.5912910877648 55.5843931336503 1.59869733972368 70.7948031647338 118.845448128177 157.882191362063 210.822675937807 8.04969864371792 1.27858605357743
